% pipe									
model.pipe = [									
% from_node	to_node	length(m)	diameter(m)	roughness	conductivity	Mmin	Mmax	flowrate
1	35	257.6	0.125	0.0004	0.321	0	9999	320 10 120
35	36	97.5	0.04	0.0004	0.21	0	9999	50 10 120
35	37	51	0.04	0.0004	0.21	0	9999	50 10 120
35	38	59.5	0.1	0.0004	0.327	0	9999	220 10 120
38	39	271.3	0.032	0.0004	0.189	0	9999	50 10 120
38	40	235.4	0.065	0.0004	0.236	0	9999	130 10 120
40	41	177.3	0.04	0.0004	0.21	0	9999	50 10 120
40	42	102.8	0.04	0.0004	0.21	0	9999	50 10 120
40	43	247.7	0.04	0.0004	0.21	0	9999	50 10 120
38	44	160.8	0.1	0.0004	0.327	0	9999	20 10 120
44	45	129.1	0.04	0.0004	0.21	0	9999	50 10 120
44	46	186.1	0.1	0.0004	0.327	0	9999	270 10 120
46	47	136.2	0.08	0.0004	0.278	0	9999	270 10 120
47	48	41.8	0.05	0.0004	0.219	0	9999	100 10 120
48	49	116.8	0.032	0.0004	0.189	0	9999	50 10 120
48	50	136.4	0.032	0.0004	0.189	0	9999	50 10 120
47	51	136.4	0.032	0.0004	0.189	0	9999	50 10 120
47	52	44.9	0.08	0.0004	0.278	0	9999	120 10 120
52	53	136.4	0.032	0.0004	0.189	0	9999	50 10 120
52	54	134.1	0.032	0.0004	0.189	0	9999	50 10 120
52	55	41.7	0.065	0.0004	0.236	0	9999	20 10 120
55	56	161.1	0.032	0.0004	0.189	0	9999	50 10 120
55	57	134.2	0.032	0.0004	0.189	0	9999	50 10 120
58	55	52.1	0.065	0.0004	0.236	0	9999	80 10 120
58	59	136	0.032	0.0004	0.189	0	9999	50 10 120
58	60	123.3	0.032	0.0004	0.189	0	9999	50 10 120
61	58	61.8	0.04	0.0004	0.21	0	9999	180 10 120
61	62	95.2	0.032	0.0004	0.189	0	9999	50 10 120
61	63	105.1	0.032	0.0004	0.189	0	9999	50 10 120
64	61	70.6	0.125	0.0004	0.321	0	9999	280 10 120
32	44	201.3	0.125	0.0004	0.321	0	9999	300 10 120
33	64	182	0.125	0.0004	0.321	0	9999	300 10 120
64	40	261.8	0.125	0.0004	0.321	0	9999	20 10 120
2	34	257.6	0.125	0.0004	0.321	0	9999	320 10 120
3	2	97.5	0.04	0.0004	0.21	0	9999	50 10 120
4	2	51	0.04	0.0004	0.21	0	9999	50 10 120
5	2	59.5	0.1	0.0004	0.327	0	9999	220 10 120
6	5	271.3	0.032	0.0004	0.189	0	9999	50 10 120
7	5	235.4	0.065	0.0004	0.236	0	9999	130 10 120
8	7	177.3	0.04	0.0004	0.21	0	9999	50 10 120
9	7	102.8	0.04	0.0004	0.21	0	9999	50 10 120
10	7	247.7	0.04	0.0004	0.21	0	9999	50 10 120
11	5	160.8	0.1	0.0004	0.327	0	9999	20 10 120
12	11	129.1	0.04	0.0004	0.21	0	9999	50 10 120
13	11	186.1	0.1	0.0004	0.327	0	9999	270 10 120
14	13	136.2	0.08	0.0004	0.278	0	9999	270 10 120
15	14	41.8	0.05	0.0004	0.219	0	9999	100 10 120
16	15	116.8	0.032	0.0004	0.189	0	9999	50 10 120
17	15	136.4	0.032	0.0004	0.189	0	9999	50 10 120
18	14	136.4	0.032	0.0004	0.189	0	9999	50 10 120
19	14	44.9	0.08	0.0004	0.278	0	9999	120 10 120
20	19	136.4	0.032	0.0004	0.189	0	9999	50 10 120
21	19	134.1	0.032	0.0004	0.189	0	9999	50 10 120
22	19	41.7	0.065	0.0004	0.236	0	9999	20 10 120
23	22	161.1	0.032	0.0004	0.189	0	9999	50 10 120
24	22	134.2	0.032	0.0004	0.189	0	9999	50 10 120
22	25	52.1	0.065	0.0004	0.236	0	9999	80 10 120
26	25	136	0.032	0.0004	0.189	0	9999	50 10 120
27	25	123.3	0.032	0.0004	0.189	0	9999	50 10 120
25	28	61.8	0.04	0.0004	0.21	0	9999	180 10 120
29	28	95.2	0.032	0.0004	0.189	0	9999	50 10 120
30	28	105.1	0.032	0.0004	0.189	0	9999	50 10 120
28	31	70.6	0.125	0.0004	0.321	0	9999	280 10 120
11	65	201.3	0.125	0.0004	0.321	0	9999	300 10 120
31	66	182	0.125	0.0004	0.321	0	9999	300 10 120
7	31	261.8	0.125	0.0004	0.321	0	9999	20 10 120
34	1	0	0.08	0.0004	0.278	0	9999	320 10 120
35	2	0	0.05	0.0004	0.219	0	9999	0 10 120
36	3	0	0.032	0.0004	0.189	0	9999	50 10 120
37	4	0	0.032	0.0004	0.189	0	9999	50 10 120
38	5	0	0.032	0.0004	0.189	0	9999	0 10 120
39	6	0	0.08	0.0004	0.278	0	9999	50 10 120
40	7	0	0.032	0.0004	0.189	0	9999	0 10 120
41	8	0	0.032	0.0004	0.189	0	9999	50 10 120
42	9	0	0.065	0.0004	0.236	0	9999	50 10 120
43	10	0	0.032	0.0004	0.189	0	9999	50 10 120
44	11	0	0.032	0.0004	0.189	0	9999	0 10 120
45	12	0	0.065	0.0004	0.236	0	9999	50 10 120
46	13	0	0.032	0.0004	0.189	0	9999	0 10 120
47	14	0	0.032	0.0004	0.189	0	9999	0 10 120
48	15	0	0.04	0.0004	0.21	0	9999	0 10 120
49	16	0	0.032	0.0004	0.189	0	9999	50 10 120
50	17	0	0.032	0.0004	0.189	0	9999	50 10 120
51	18	0	0.125	0.0004	0.321	0	9999	50 10 120
52	19	0	0.125	0.0004	0.321	0	9999	0 10 120
53	20	0	0.125	0.0004	0.321	0	9999	50 10 120
54	21	0	0.08	0.0004	0.278	0	9999	50 10 120
55	22	0	0.05	0.0004	0.219	0	9999	0 10 120
56	23	0	0.032	0.0004	0.189	0	9999	50 10 120
57	24	0	0.032	0.0004	0.189	0	9999	50 10 120
58	25	0	0.032	0.0004	0.189	0	9999	0 10 120
59	26	0	0.08	0.0004	0.278	0	9999	50 10 120
60	27	0	0.032	0.0004	0.189	0	9999	50 10 120
61	28	0	0.032	0.0004	0.189	0	9999	0 10 120
62	29	0	0.065	0.0004	0.236	0	9999	50 10 120
63	30	0	0.032	0.0004	0.189	0	9999	50 10 120
64	31	0	0.032	0.0004	0.189	0	9999	0 10 120
65	32	0	0.065	0.0004	0.236	0	9999	300 10 120
66	33	0	0.032	0.0004	0.189	0	9999	300 10 120
];			
model.pipe(:,3)=10.*model.pipe(:,3)
																																												
%node	
model.node=[
1	0	60	100
2	0	20	100
3	2	50	100
4	2	50	100
5	0	20	100
6	2	50	100
7	0	20	100
8	8	50	100
9	2	50	100
10	2	50	100
11	0	20	100
12	2	50	100
13	0	20	100
14	0	20	100
15	0	20	100
16	2	50	100
17	2	60	100
18	2	60	100
19	0	20	100
20	2	60	100
21	2	60	100
22	0	20	100
23	2	60	100
24	2	60	100
25	0	20	100
26	2	60	100
27	2	60	100
28	0	20	100
29	2	60	100
30	12	60	100
31	0	20	100
32	0	60	100
33	0	60	100
34	0	20	100
35	0	60	100
36	0	80	100
37	0	80	100
38	0	60	100
39	0	80	100
40	0	60	100
41	0	80	100
42	0	80	100
43	0	80	100
44	0	60	100
45	0	80	100
46	0	60	100
47	0	60	100
48	0	80	100
49	0	80	100
50	0	80	100
51	0	80	100
52	0	60	100
53	0	80	100
54	0	80	100
55	0	60	100
56	0	80	100
57	0	80	100
58	0	60	100
59	0	80	100
60	0	80	100
61	0	60	100
62	0	80	100
63	0	80	100
64	0	60	100
65	0	20	100
66	0	20	100
];																														
																																													
																																													
model.pipemass=[320
50
50
220
50
130
50
50
50
40
70
270
270
100
50
50
50
120
50
50
20
50
50
80
50
50
180
50
50
280
300
300
20
320
50
50
220
50
130
50
50
50
40
70
270
270
100
50
50
50
120
50
50
20
50
50
80
50
50
180
50
50
280
300
300
20
320
4.00E-15
50
50
4.00E-15
50
4.00E-15
50
50
50
4.00E-15
70
4.00E-15
4.00E-15
4.00E-15
50
50
50
4.00E-15
50
50
4.00E-15
50
50
4.00E-15
50
50
4.00E-15
50
50
4.00E-15
300
300
];																																																																																																												
																																																																																									
																																													
%chp成本函数																																													
%chp成本函数
model.chpcost = [			
			
% %   1     p1    p2    h1    h2   ph			
    0  17.0  0.0011  19.1  0.0010  0.0011	
    0  21.2  0.0012  22.2  0.0012  0.0012
    0  19.1  0.0010  17.0  0.0011  0.0010
];																																												
model.chpcost=model.chpcost*2.5																																											



