% pipe									
model.pipe = [									
% from_node	to_node	length(m)	diameter(m)	roughness	conductivity	Mmin	Mmax	
1	14	26.5000000000000	0.0400000000000000	0.000500000000000000	0.120000000000000	0	Inf	50	10	120
2	14	12	0.0400000000000000	0.000500000000000000	0.120000000000000	0	Inf	50	10	120
14	15	152	0.0400000000000000	0.000500000000000000	0.190000000000000	0	Inf	100	10	120
15	19	207.500000000000	0.0400000000000000	0.000500000000000000	0.190000000000000	0	Inf	50	10	120
15	20	173.600000000000	0.0400000000000000	0.000500000000000000	0.170000000000000	0	Inf	50	10	120
15	21	189.500000000000	0.0400000000000000	0.000500000000000000	0.210000000000000	0	Inf	50	10	120
15	22	180.600000000000	0.0400000000000000	0.000500000000000000	0.170000000000000	0	Inf	50	10	120
16	15	130	0.0400000000000000	0.000500000000000000	0.180000000000000	0	Inf	100	10	120
16	18	52	0.0400000000000000	0.000500000000000000	0.150000000000000	0	Inf	50	10	120
6	16	11.4000000000000	0.0400000000000000	0.000500000000000000	0.120000000000000	0	Inf	150	10	120
3	12	26.5000000000000	0.0400000000000000	0.000500000000000000	0.120000000000000	0	Inf	50	10	120
3	13	12	0.0400000000000000	0.000500000000000000	0.120000000000000	0	Inf	50	10	120
4	3	152	0.0400000000000000	0.000500000000000000	0.190000000000000	0	Inf	100	10	120
8	4	207.500000000000	0.0400000000000000	0.000500000000000000	0.190000000000000	0	Inf	50	10	120
9	4	173.600000000000	0.0400000000000000	0.000500000000000000	0.170000000000000	0	Inf	50	10	120
10	4	189.500000000000	0.0400000000000000	0.000500000000000000	0.210000000000000	0	Inf	50	10	120
11	4	180.600000000000	0.0400000000000000	0.000500000000000000	0.170000000000000	0	Inf	50	10	120
4	5	130	0.0400000000000000	0.000500000000000000	0.180000000000000	0	Inf	100	10	120
7	5	52	0.0400000000000000	0.000500000000000000	0.150000000000000	0	Inf	50	10	120
5	17	11.4000000000000	0.0400000000000000	0.000500000000000000	0.120000000000000	0	Inf	150	10	120
12	1	0	0.0400000000000000	0.000500000000000000	0.120000000000000	0	Inf	50	10	120
13	2	0	0.0400000000000000	0.000500000000000000	0.120000000000000	0	Inf	50	10	120
14	3	0	0.0400000000000000	0.000500000000000000	0.190000000000000	0	Inf	0	10	120
15	4	0	0.0400000000000000	0.000500000000000000	0.190000000000000	0	Inf	0	10	120
16	5	0	0.0400000000000000	0.000500000000000000	0.170000000000000	0	Inf	0	10	120
17	6	0	0.0400000000000000	0.000500000000000000	0.210000000000000	0	Inf	150	10	120
18	7	0	0.0400000000000000	0.000500000000000000	0.170000000000000	0	Inf	50	10	120
19	8	0	0.0400000000000000	0.000500000000000000	0.180000000000000	0	Inf	50	10	120
20	9	0	0.0400000000000000	0.000500000000000000	0.150000000000000	0	Inf	50	10	120
21	10	0	0.0400000000000000	0.000500000000000000	0.120000000000000	0	Inf	50	10	120
22	11	0	0.0400000000000000	0.000500000000000000	0.120000000000000	0	Inf	50	10	120
];									
									
% node									
model.node = [									
% node	load(kJ)	Tmin	Tmax					
1	0	50	100
2	0	50	100
3	0	20	100
4	0	20	100
5	0	20	100
6	0	50	100
7	0	40	100
8	0	40	100
9	0	40	100
10	0	40	100
11	0	40	100
12	0	20	100
13	0	20	100
14	0	50	100
15	0	50	100
16	0	50	100
17	0	20	100
18	0	75	100
19	0	70	100
20	0	70	100
21	0	70	100
22	0	70	100				
];									
									
% combined heat and power									
model.chp = [									
	% node	Pmin	Pmax	Hmin	Hmax	efficiency	Mmin	Mmax	Gen
	1 	0.00 	Inf	0.00 	Inf	1 	0.00 	Inf	3 
    2 	0.00 	Inf	0.00 	Inf	1 	0.00 	Inf	3 
    3 	0.00 	Inf	0.00 	Inf	1 	0.00 	Inf	3 
];									

model.chpcost = [			
			
% %   1     p1    p2    h1    h2   ph			
0	51.2500000000000	0.0612500000000000	49.2000000000000	0.0250000000000000	0.0775000000000000
0	48.7500000000000	0.0862500000000000	48.5000000000000	0.0500000000000000	0.0775000000000000
0	46.2500000000000	0.0862500000000000	47.5000000000000	0.0750000000000000	0.0775000000000000
];		
							
																
model.load = [									
0	0	0	0	0	0	5.50000000000000	5.50000000000000	5.50000000000000	5.50000000000000	5.50000000000000	0	0	0	0	0	0	0	0	0	0	0
0	0	0	0	0	0	4.80645161400000	4.80645161400000	4.80645161400000	4.80645161400000	4.80645161400000	0	0	0	0	0	0	0	0	0	0	0
0	0	0	0	0	0	4.90322580600000	4.90322580600000	4.90322580600000	4.90322580600000	4.90322580600000	0	0	0	0	0	0	0	0	0	0	0
0	0	0	0	0	0	4.90322580600000	4.90322580600000	4.90322580600000	4.90322580600000	4.90322580600000	0	0	0	0	0	0	0	0	0	0	0
0	0	0	0	0	0	4.90322580600000	4.90322580600000	4.90322580600000	4.90322580600000	4.90322580600000	0	0	0	0	0	0	0	0	0	0	0
0	0	0	0	0	0	4.80645161400000	4.80645161400000	4.80645161400000	4.80645161400000	4.80645161400000	0	0	0	0	0	0	0	0	0	0	0
0	0	0	0	0	0	4.70967742000000	4.70967742000000	4.70967742000000	4.70967742000000	4.70967742000000	0	0	0	0	0	0	0	0	0	0	0
0	0	0	0	0	0	4.51612903200000	4.51612903200000	4.51612903200000	4.51612903200000	4.51612903200000	0	0	0	0	0	0	0	0	0	0	0
0	0	0	0	0	0	4.41935484000000	4.41935484000000	4.41935484000000	4.41935484000000	4.41935484000000	0	0	0	0	0	0	0	0	0	0	0
0	0	0	0	0	0	4.32258064600000	4.32258064600000	4.32258064600000	4.32258064600000	4.32258064600000	0	0	0	0	0	0	0	0	0	0	0
0	0	0	0	0	0	4.22580645200000	4.22580645200000	4.22580645200000	4.22580645200000	4.22580645200000	0	0	0	0	0	0	0	0	0	0	0
0	0	0	0	0	0	4.12903225800000	4.12903225800000	4.12903225800000	4.12903225800000	4.12903225800000	0	0	0	0	0	0	0	0	0	0	0
0	0	0	0	0	0	4.12903225800000	4.12903225800000	4.12903225800000	4.12903225800000	4.12903225800000	0	0	0	0	0	0	0	0	0	0	0
0	0	0	0	0	0	4.22580645200000	4.22580645200000	4.22580645200000	4.22580645200000	4.22580645200000	0	0	0	0	0	0	0	0	0	0	0
0	0	0	0	0	0	4.32258064600000	4.32258064600000	4.32258064600000	4.32258064600000	4.32258064600000	0	0	0	0	0	0	0	0	0	0	0
0	0	0	0	0	0	4.41935484000000	4.41935484000000	4.41935484000000	4.41935484000000	4.41935484000000	0	0	0	0	0	0	0	0	0	0	0
0	0	0	0	0	0	4.51612903200000	4.51612903200000	4.51612903200000	4.51612903200000	4.51612903200000	0	0	0	0	0	0	0	0	0	0	0
0	0	0	0	0	0	4.70967742000000	4.70967742000000	4.70967742000000	4.70967742000000	4.70967742000000	0	0	0	0	0	0	0	0	0	0	0
0	0	0	0	0	0	4.80645161400000	4.80645161400000	4.80645161400000	4.80645161400000	4.80645161400000	0	0	0	0	0	0	0	0	0	0	0
0	0	0	0	0	0	4.90322580600000	4.90322580600000	4.90322580600000	4.90322580600000	4.90322580600000	0	0	0	0	0	0	0	0	0	0	0
0	0	0	0	0	0	4.90322580600000	4.90322580600000	4.90322580600000	4.90322580600000	4.90322580600000	0	0	0	0	0	0	0	0	0	0	0
0	0	0	0	0	0	4.90322580600000	4.90322580600000	4.90322580600000	4.90322580600000	4.90322580600000	0	0	0	0	0	0	0	0	0	0	0
0	0	0	0	0	0	4.80645161400000	4.80645161400000	4.80645161400000	4.80645161400000	4.80645161400000	0	0	0	0	0	0	0	0	0	0	0
0	0	0	0	0	0	5.50000000000000	5.50000000000000	5.50000000000000	5.50000000000000	5.50000000000000	0	0	0	0	0	0	0	0	0	0	0
0	0	0	0	0	0	5	5	5	5	5	0	0	0	0	0	0	0	0	0	0	0];									
									
% outdoor temperature									

model.t0=[60
60
50
50
50
60
50
50
50
50
50
30
30
80
80
80
30
80
80
80
80
80]

model.pipemass=[
16.6666666666667
16.6666666666667
33.3333333333333
16.6666666666667
16.6666666666667
16.6666666666667
16.6666666666667
33.3333333333333
16.6666666666667
50
16.6666666666667
16.6666666666667
33.3333333333333
16.6666666666667
16.6666666666667
16.6666666666667
16.6666666666667
33.3333333333333
16.6666666666667
50
16.6666666666667
16.6666666666667
3.33333333333333e-08
3.33333333333333e-08
3.33333333333333e-08
50
16.6666666666667
16.6666666666667
16.6666666666667
16.6666666666667
16.6666666666667
];
model.water_c = 4.2e3; % (J*kg^(-1)*K^(-1))									
model.water_dens = 1e3; %(kg*m^(-3))									
model.base	=	1e6;	%	base	value	of	power	(W)	
